[image]
brightness = 0
contrast = 0

[setting]
password = 12
start_password = 123
stop_password = 123
sensitivity = 100
record = 1
scanax = 0.260347129506008
scanay = 0.7724867724867724
scanbx = 0.6381842456608812
scanby = 0.9964726631393298

