[setting]
password = 123
start_password = 123
stop_password = 123
sensitivity = 100
record = 1
scanax = 0.6125
scanay = 0.07666666666666666
scanbx = 0.9625
scanby = 0.41666666666666674

