[setting]
password = 12
start_password = 12
stop_password = 12
sensitivity = 100
record = 1
scanax = 0.29625
scanay = 0.07666666666666666
scanbx = 0.58375
scanby = 0.21666666666666667

