[image]
brightness = 0
contrast = 0

[setting]
password = 12
start_password = 123
stop_password = 123
sensitivity = 100
record = 1
scanax = 0.24061196105702365
scanay = 0.9357638888888888
scanbx = 0.6467315716272601
scanby = 0.9878472222222222

