[setting]
password = 123
start_password = 123
stop_password = 123
sensitivity = 88
record = 0.3
scanax = 0.5975
scanay = 0.08999999999999997
scanbx = 0.955
scanby = 0.42500000000000004

