[image]
brightness = 0
contrast = 0

[setting]
password = 12
start_password = 12
stop_password = 12
sensitivity = 100
record = 1
scanax = 0.29125
scanay = 0.008333333333333304
scanbx = 0.7175
scanby = 0.0333333333333333261666666666666667

